
===== synthetic_track_0 (seed 0)  spawn off-centreline=0.00 m =====
step steer_rad cmd_m/s  vx_m/s min_scan_m  off_cl head_err_rad
   0    -0.040    16.6    0.10       1.51    0.00        0.00
   1    -0.026    16.2    0.19       1.51    0.00        0.00
   2    -0.007    15.8    0.29       1.51    0.00       -0.00
   3     0.003    15.4    0.38       1.50    0.01       -0.00
   4    -0.047    15.1    0.48       1.51    0.01       -0.00
   5    -0.047    14.9    0.57       1.50    0.02       -0.00
   6    -0.075    13.9    0.67       1.51    0.02       -0.00
   7    -0.102    13.7    0.76       1.50    0.03       -0.00
   8    -0.112    12.7    0.86       1.52    0.04       -0.00
   9    -0.076    12.3    0.95       1.50    0.05       -0.00
  10    -0.069    10.5    1.05       1.50    0.04       -0.01
  11    -0.058    10.2    1.14       1.51    0.03       -0.01
  12    -0.137     9.4    1.24       1.51    0.02       -0.01
  13    -0.133     8.0    1.33       1.51    0.01       -0.01
  14    -0.159     9.0    1.43       1.50    0.01       -0.02
  15    -0.152     8.2    1.52       1.50    0.02       -0.02
  20     0.166     8.7    2.00       1.50    0.01       -0.04
  25    -0.031     5.6    2.47       1.51    0.03       -0.05
  30    -0.249     8.4    2.95       1.47    0.05       -0.04
  35     0.349     7.1    3.42       1.50    0.03       -0.05
  40     0.357     4.5    3.81       1.47    0.04       -0.07
  45    -0.103     6.2    4.15       1.48    0.05       -0.06
  50    -0.378    10.2    4.62       1.48    0.06       -0.02
  55    -0.090     7.2    5.10       1.43    0.08       -0.01
  --> no crash in 2500 steps; progress=0.0 m

===== Spielberg (seed 0)  spawn off-centreline=0.00 m =====
step steer_rad cmd_m/s  vx_m/s min_scan_m  off_cl head_err_rad
   0    -0.326     1.7    0.02       1.08    0.00       -0.00
   1    -0.324     1.7    0.10       1.08    0.00       -0.00
   2    -0.318     1.7    0.17       1.10    0.00       -0.00
   3    -0.318     1.7    0.24       1.10    0.00       -0.00
   4    -0.302     1.6    0.31       1.08    0.01       -0.00
   5    -0.294     1.4    0.36       1.09    0.01       -0.00
   6    -0.288     1.4    0.41       1.10    0.01       -0.00
   7    -0.216     1.2    0.45       1.09    0.02       -0.01
   8    -0.184     1.2    0.48       1.09    0.02       -0.01
   9    -0.092     0.8    0.50       1.09    0.03       -0.01
  10    -0.063     0.8    0.51       1.10    0.03       -0.02
  11    -0.075     0.8    0.53       1.12    0.04       -0.02
  12    -0.102     0.8    0.54       1.10    0.04       -0.02
  13    -0.141     0.9    0.56       1.09    0.05       -0.02
  14    -0.158     1.0    0.58       1.08    0.05       -0.02
  15    -0.120     0.9    0.59       1.09    0.04       -0.02
  20    -0.001     0.7    0.63       1.10    0.01       -0.04
  25    -0.059     0.6    0.58       1.11    0.02       -0.04
  30     0.238     0.6    0.56       1.10    0.05       -0.04
  35     0.165     0.8    0.59       1.10    0.03       -0.04
  40    -0.266     1.3    0.68       1.10    0.02       -0.03
  45    -0.200     1.1    0.78       1.10    0.05       -0.02
  50     0.054     0.6    0.74       1.09    0.02       -0.04
  55    -0.042     0.6    0.64       1.10    0.03       -0.04
2271    -0.419    17.2    0.00       1.09    0.00       -0.00
  --> collision=True at step 2271  | off_cl=0.00 m | speed=0.00 m/s | head_err=-0.00 rad | progress=0.0 m

===== Silverstone (seed 0)  spawn off-centreline=0.00 m =====
step steer_rad cmd_m/s  vx_m/s min_scan_m  off_cl head_err_rad
   0    -0.059     0.9    0.01       1.04    0.00        0.00
   1    -0.063     0.9    0.05       1.05    0.00        0.00
   2    -0.058     0.9    0.09       1.05    0.00       -0.00
   3    -0.062     0.8    0.12       1.04    0.00       -0.00
   4    -0.052     0.8    0.16       1.05    0.00       -0.00
   5    -0.065     0.8    0.19       1.04    0.01       -0.00
   6    -0.064     0.7    0.21       1.04    0.01       -0.00
   7    -0.063     0.7    0.23       1.03    0.01       -0.00
   8    -0.073     0.7    0.25       1.05    0.01       -0.00
   9    -0.070     0.7    0.27       1.03    0.01       -0.00
  10    -0.058     0.7    0.29       1.04    0.02       -0.00
  11    -0.077     0.6    0.31       1.03    0.02       -0.00
  12    -0.109     0.4    0.31       1.04    0.02       -0.00
  13    -0.103     0.4    0.32       1.04    0.03       -0.00
  14    -0.091     0.5    0.33       1.04    0.03       -0.01
  15    -0.081     0.5    0.33       1.04    0.03       -0.01
  20    -0.110     0.3    0.34       1.05    0.05       -0.01
  25    -0.059     0.2    0.30       1.04    0.03       -0.02
  30    -0.102     0.2    0.25       1.03    0.02       -0.02
  35    -0.086     0.2    0.22       1.03    0.01       -0.03
  40    -0.065     0.2    0.20       1.04    0.01       -0.03
  45    -0.005     0.2    0.18       1.04    0.01       -0.03
  50    -0.022     0.2    0.17       1.10    0.02       -0.03
  55    -0.001     0.2    0.17       1.02    0.03       -0.03
2103    -0.419    17.6    0.00       1.06    0.00        0.00
  --> collision=True at step 2103  | off_cl=0.00 m | speed=0.00 m/s | head_err=0.00 rad | progress=0.0 m
